-152.73
-59.93
-81.62
40.82
-101.26
138.79
123.19
149.61
-172.22
128.42
-41.05
-71.37
-0.73
-128.08
123.07
195.26
77.76
77.34
91.30
115.41
-165.10
-21.31
194.68
-172.49
-112.05
9.28
-3.85
-70.02
78.18
-154.35
89.35
-104.51
-142.86
-44.76
-126.01
-7.41
166.10
-195.83
-155.49
-116.29
18.14
-196.91
-125.24
-148.41
110.02
151.66
69.27
155.62
-177.57
-97.86
35.69
-74.87
-146.02
48.77
166.70
127.66
-171.27
-120.22
148.88
-115.45
-38.49
68.33
164.64
-12.20
110.65
-191.56
-92.29
150.73
43.25
-82.31
192.65
74.00
179.05
-34.73
126.01
-97.33
-47.36
-86.74
171.53
55.67
167.46
-103.63
191.77
-86.43
-38.73
40.74
-119.13
-12.05
-23.08
-33.76
-163.44
-77.40
50.56
-124.67
74.63
-93.78
49.54
21.99
-114.94
-199.48
112.05
-9.28